# LAMMPS data file written by OVITO Basic 3.10.6

98 atoms
3 atom types

13.1054643933 0.0 0.0 avec
0.0 13.160886835 0.0 bvec
0.0 0.0 6.1685701872 cvec
-0.0088911967 -0.0076514175 9.2127394064 abc origin

Atoms  # atomic

1 1 11.4223 4.81408 13.1576
2 1 5.61342 10.1775 11.9546
3 1 0.892656 10.0452 15.0221
4 1 12.6415 0.346652 11.0272
5 1 10.2927 12.6922 9.31952
6 1 4.43503 0.161707 10.1927
7 1 1.71009 1.31841 12.2668
8 1 8.15535 10.6848 9.97999
9 1 7.15509 5.23795 14.8977
10 1 1.56647 6.67043 14.122
11 1 11.553 7.37733 12.2584
12 1 7.41924 12.8386 10.8133
13 1 1.54972 4.21819 15.2495
14 1 3.26549 12.7224 13.5396
15 1 4.24085 3.86783 10.9367
16 1 9.95243 6.3162 10.4843
17 1 9.50047 2.94765 11.5795
18 1 10.6624 10.0042 13.6515
19 1 6.67571 1.88362 12.395
20 1 2.31242 7.32015 10.668
21 1 12.2204 2.02459 14.4483
22 1 12.6131 10.5108 11.8889
23 1 10.1776 9.36864 10.2032
24 1 8.06628 9.9069 13.6118
25 1 4.20159 2.91355 13.8302
26 1 5.96858 7.96401 13.7545
27 1 6.58141 5.19431 11.8466
28 1 4.03215 8.77527 9.31968
29 2 2.5533 11.2034 11.1193
30 2 9.5001 1.83746 13.9575
31 2 11.5676 3.83456 10.4948
32 2 7.41557 2.5557 9.53827
33 2 6.29805 12.1752 14.0417
34 2 4.3147 5.60902 15.2108
35 2 3.41153 8.64635 12.4548
36 2 12.4617 7.66626 15.2048
37 2 1.81173 1.30485 15.3785
38 2 1.20896 4.57036 12.1239
39 2 13.2248 12.6191 14.0846
40 2 9.05121 6.65366 13.6934
41 2 7.23557 8.11827 10.4686
42 2 9.88528 12.3369 12.3639
43 3 3.07071 6.53323 15.4949
44 3 10.3348 4.54493 10.9019
45 3 3.07598 10.289 12.4373
46 3 7.64267 6.55928 10.3946
47 3 5.06211 5.30542 10.3907
48 3 9.88066 6.66065 12.2565
49 3 1.51237 5.75072 11.0312
50 3 6.84238 11.0861 11.1145
51 3 4.02481 8.42231 11.0315
52 3 2.1096 3.40463 11.8195
53 3 11.4808 11.9483 12.1171
54 3 3.60471 1.2215 13.2772
55 3 7.70344 5.85787 13.2488
56 3 6.25059 8.33096 11.7436
57 3 6.58061 -0.104165 12.8482
58 3 9.33523 13.0739 11.1041
59 3 0.993308 2.33552 14.6384
60 3 1.52893 12.9749 14.887
61 3 8.50019 1.96425 12.9732
62 3 0.878383 1.28853 10.5518
63 3 10.1311 0.449074 13.664
64 3 8.86284 1.95576 15.4394
65 3 5.19942 3.20836 12.3583
66 3 3.53808 4.13802 15.0185
67 3 12.3869 6.71354 14.0712
68 3 8.05413 3.63712 10.5189
69 3 11.4284 9.23613 12.1531
70 3 3.06999 12.5746 11.2135
71 3 11.8538 8.96591 14.7606
72 3 12.0381 3.84533 15.2842
73 3 6.62015 8.61908 9.1608
74 3 11.2639 2.30411 10.9668
75 3 3.03846 10.4894 9.69699
76 3 5.23854 6.02139 14.0419
77 3 12.6866 4.39369 11.6722
78 3 13.1426 0.534589 12.9312
79 3 5.07474 12.8172 14.6216
80 3 6.17018 10.6478 13.7988
81 3 6.57255 1.38875 10.4513
82 3 8.92505 8.3296 14.0918
83 3 8.67692 8.83792 10.6865
84 3 6.65657 3.253 14.5604
85 3 10.639 2.93552 13.5838
86 3 11.8139 7.02749 10.3434
87 3 1.96419 8.17424 12.7407
88 3 0.381919 11.1763 13.5842
89 3 12.0263 12.8879 15.0867
90 3 9.93662 5.88219 14.6499
91 3 4.36006 8.56191 13.7282
92 3 9.06526 11.0644 12.7802
93 3 3.26243 1.61757 9.62027
94 3 9.88554 10.9304 9.33392
95 3 1.18044 4.88414 13.6874
96 3 1.00687 8.10185 9.41612
97 3 7.2821 12.1961 15.1969
98 3 0.854221 11.105 10.8896

Velocities

1 9.01623 -13.1965 -5.47237
2 20.329 14.1525 -10.9311
3 -3.88964 3.26455 1.24179
4 -16.5048 -2.09359 2.1224
5 12.5425 -3.50457 4.64868
6 -4.02541 -13.31 2.99329
7 -7.48559 -6.92131 5.88785
8 -3.85949 17.8403 15.1321
9 5.08778 -9.97541 -1.95504
10 2.87072 1.89064 -11.7377
11 -0.443104 6.30993 25.0594
12 -3.78904 3.707 -13.5001
13 22.6561 6.7237 -8.79292
14 3.21449 13.4479 -3.73795
15 -8.36452 6.08197 -8.25278
16 5.63504 3.51567 0.910921
17 -4.34802 -2.91588 5.72623
18 7.27725 -15.1715 3.21419
19 1.18397 1.07625 11.2222
20 12.1719 15.3597 1.36788
21 10.0539 -0.37911 -3.93844
22 -1.34558 -0.604231 -2.3063
23 -14.9159 1.40065 6.69058
24 0.298669 -0.536202 -10.0157
25 4.63929 -4.25453 -10.9945
26 2.97948 -4.64253 -15.2954
27 8.74758 0.750227 25.4084
28 1.30595 4.34979 -13.2321
29 -19.5602 22.304 10.4647
30 10.6288 -22.0996 -4.43775
31 3.31417 0.310702 18.4894
32 -10.184 5.3834 0.51534
33 -4.74056 -8.05559 -13.2124
34 -3.33203 -15.0466 14.5618
35 13.3799 -5.46853 -10.4528
36 4.41343 -1.34296 -3.07285
37 -0.735901 11.6745 -7.70412
38 -8.89735 10.3507 -0.400162
39 14.3733 8.05564 7.80376
40 -5.2924 16.2257 -3.62732
41 -0.440532 -1.29748 3.82444
42 -1.41052 -1.50464 -5.89047
43 2.76291 2.67082 -0.113383
44 1.04324 0.496639 4.75135
45 -2.96649 -0.682705 6.82381
46 2.30616 -5.30845 1.90041
47 -5.44818 5.36778 6.81209
48 -1.4236 -9.10292 -3.56009
49 -10.7848 -3.94047 -5.08603
50 1.30204 -13.5773 -5.38283
51 -0.467483 -7.46318 9.49676
52 2.88536 -1.34828 5.50098
53 -7.71752 -0.321805 -8.15756
54 6.26329 0.301714 1.91127
55 3.04628 -0.471187 -12.0559
56 0.0269772 2.6626 -8.10576
57 6.84898 -4.43294 -8.17139
58 10.2829 -4.0503 -5.89943
59 -0.870066 2.89557 12.1148
60 7.42776 -0.476068 -1.36441
61 -2.04862 3.07078 -0.673689
62 -12.5556 1.89544 7.01684
63 0.495187 6.03391 -5.91357
64 1.73784 -4.86912 -1.22224
65 6.35119 -5.64516 5.65539
66 -7.76535 -4.34422 1.41831
67 -0.98124 4.44445 -8.1463
68 -6.5568 -5.6182 -12.7009
69 -2.38574 -8.05433 3.15432
70 -13.9638 7.56591 8.64399
71 -8.91352 3.7719 -7.00236
72 7.39729 -0.666657 -0.1719
73 1.67499 5.91774 -4.73865
74 1.3642 6.87882 -9.84813
75 1.43275 0.0916505 3.92837
76 -5.5807 6.58445 4.2868
77 -8.28747 7.90223 -2.11211
78 2.21959 -5.82537 -0.585711
79 8.52723 -6.20095 1.37146
80 2.35881 1.87705 2.70508
81 4.06874 -4.55432 3.00306
82 0.978973 -3.9622 1.1052
83 -0.295165 -3.1382 -4.47465
84 -0.454543 2.50227 6.73065
85 -7.9428 -5.13172 14.6432
86 -6.19575 6.22473 7.75741
87 5.85542 -4.33884 7.65905
88 7.6513 -8.74847 -9.50468
89 3.32611 0.663899 -7.51648
90 2.2009 7.20048 13.069
91 9.54309 4.38117 -2.00461
92 4.31802 4.34334 -6.89026
93 -11.2663 2.22499 2.26366
94 -4.73771 9.19927 -6.318
95 0.371555 0.550375 1.99938
96 4.47333 5.47805 5.2201
97 -0.892536 -9.52172 0.453827
98 -8.31649 1.18091 -3.81163
